2.5E-5                    1.6009922659513372E-5
7.500000000000001E-5      1.6985893647396667E-5
1.25E-4                   1.9052197828567462E-5
1.7500000000000003E-4     2.2208781624760512E-5
2.25E-4                   2.6455560766174232E-5
2.75E-4                   3.1792420308882015E-5
3.25E-4                   3.8219214659919E-5
3.75E-4                   4.573576760784779E-5
4.2500000000000003E-4     5.43418723603566E-5
4.75E-4                   6.403729158812582E-5
5.250000000000001E-4      7.482175747486416E-5
5.75E-4                   8.669497177423613E-5
6.250000000000001E-4      9.965660587264465E-5
6.75E-4                   1.137063008590518E-4
7.250000000000001E-4      1.2884366760011146E-4
7.750000000000001E-4      1.4506828682283663E-4
8.250000000000001E-4      1.6237970920272428E-4
8.750000000000001E-4      1.807774554580893E-4
9.25E-4                   2.0026101645138192E-4
9.750000000000001E-4      2.208298532955409E-4
0.001025                  2.4248339746804477E-4
0.001075                  2.652210509293912E-4
0.001125                  2.890421862487099E-4
0.001175                  3.139461467353097E-4
0.0012250000000000002     3.3993224657583417E-4
0.001275                  3.669997709774554E-4
0.001325                  3.9514797631749684E-4
0.0013750000000000001     4.243760902978214E-4
0.001425                  4.5468331210623327E-4
0.001475                  4.8606881258278983E-4
0.001525                  5.185317343915904E-4
0.001575                  5.520711921994504E-4
0.0016250000000000001     5.866862728589833E-4
0.0016750000000000003     6.223760355963284E-4
0.0017250000000000002     6.591395122077081E-4
0.0017749999999999999     6.969757072571389E-4
0.001825                  7.35883598282449E-4
0.001875                  7.758621360051706E-4
0.001925                  8.169102445460202E-4
0.001975                  8.590268216450041E-4
0.0020250000000000003     9.022107388878268E-4
0.002075                  9.464608419347818E-4
0.002125                  9.917759507582788E-4
0.002175                  0.0010381548598809166
0.002225                  0.001085596338620955
0.002275                  0.0011340991313427402
0.0023250000000000002     0.0011836619577082212
0.0023750000000000004     0.0012342835129390507
0.002425                  0.0012859624680765479
0.002475                  0.0013386974702488531
0.0025250000000000003     0.0013924871429450854
0.002575                  0.0014473300862878418
0.002625                  0.0015032248773146106
0.0026750000000000003     0.0015601700702596102
0.002725                  0.0016181641968431642
0.002775                  0.0016772057665609744
0.0028250000000000003     0.0017372932669814122
0.0028750000000000004     0.001798425164040319
0.0029250000000000005     0.001860599902346045
0.002975                  0.0019238159054843955
0.003025                  0.0019880715763244596
0.003075                  0.002053365297334514
0.003125                  0.00211969543089429
0.0031750000000000003     0.0021870603196135594
0.0032250000000000004     0.0022554582866531085
0.003275                  0.0023248876360485175
0.0033250000000000003     0.0023953466530371647
0.0033750000000000004     0.0024668336043851937
0.0034250000000000005     0.0025393467387225263
0.0034750000000000007     0.002612884286872729
0.003525                  0.002687444462194024
0.003575                  0.002763025460914283
0.0036249999999999998     0.0028396254624725057
0.003675                  0.0029172426298632098
0.003725                  0.002995875109979438
0.003775                  0.003075521033960697
0.0038250000000000003     0.003156178517538373
0.003875                  0.0032378456613898782
0.0039250000000000005     0.003320520551486142
0.003975                  0.0034042012594482024
0.004025                  0.003488885842898556
0.0040750000000000005     0.0035745723458157565
0.004125                  0.003661258798894982
0.004175000000000001      0.0037489432199033445
0.0042250000000000005     0.0038376236140376754
0.004275                  0.003927297974284627
0.004325                  0.004017964281781563
0.0043749999999999995     0.00410962050617865
0.004425                  0.0042022646059936535
0.004475                  0.004295894528984976
0.004525                  0.004390508212500638
0.004575                  0.004486103583852305
0.004625                  0.004582678560671469
0.004675                  0.004680231051272592
0.004725                  0.004778758955018271
0.004775000000000001      0.004867810190251719
0.004825                  0.004968064201636627
0.004875000000000001      0.005069284648599684
0.0049250000000000006     0.005171469389146574
0.004975                  0.005274616274026727
0.005025000000000001      0.005378723147107536
0.0050750000000000005     0.005483787845716536
0.005125                  0.005589808201023701
0.005175                  0.0056967820383850435
0.0052250000000000005     0.005804707177714255
0.005275                  0.005913581433825265
0.005325                  0.006023402616808205
0.0053750000000000004     0.006134168532369024
0.005425                  0.0062458769821929425
0.005475000000000001      0.006358525764296564
0.005525                  0.006107041770626053
0.005575                  0.006251693702514765
0.005625000000000001      0.006397940128724848
0.005675                  0.006545776268281336
0.005725000000000001      0.006695197305826506
0.005775000000000001      0.006846198392926413
0.005825                  0.006998774649388637
0.005875                  0.007152921164588089
0.005925                  0.007308632998753844
0.005975                  0.0074659051843242626
0.006025                  0.007624732727226024
0.0060750000000000005     0.0077851106082236846
0.006125                  0.007947033784217601
0.006175                  0.008110497189566626
0.0062250000000000005     0.00827549573739814
0.006275                  0.008442024320930221
0.006325000000000001      0.00861007781476663
0.0063750000000000005     0.008820620773595238
0.006425                  0.008991788626878265
0.006475000000000001      0.009164459667570953
0.006525                  0.009338628744023079
0.006575000000000001      0.00951429069307886
0.006625000000000001      0.009691440341348828
0.006675                  0.0098700725064762
0.006725000000000001      0.01005018199838645
0.006775000000000001      0.010231763620556462
0.006825000000000001      0.010414812171230003
0.006875000000000001      0.010599322444684065
0.006925000000000001      0.01078528923244356
0.006975000000000001      0.010972707324504638
0.007025000000000001      0.011161571510555275
0.007075                  0.01135187658116611
0.007124999999999999      0.011543617329009997
0.007175                  0.011736788550022572
0.007225                  0.011931385044601143
0.007275                  0.012127401618753924
0.007325                  0.012324833085282564
0.007375                  0.012523674264896704
0.007425                  0.012723919987377154
0.007475                  0.012925565092691748
0.0075250000000000004     0.013128604432100009
0.007575                  0.013333032869273873
0.007625                  0.013538845281373129
0.007675                  0.013746036560128579
0.007725                  0.013954601612910273
0.007775000000000001      0.014164535363777115
0.007825                  0.014375832754525667
0.007875                  0.014588488745706037
0.007925                  0.014802498317645494
0.007975000000000001      0.01501785647144702
0.008025000000000001      0.015234558229976712
0.008075                  0.015452598638843589
0.008125                  0.01567197276734654
0.008175                  0.01589267570944107
0.008225000000000001      0.016114702584649757
0.008275000000000001      0.016338048538996716
0.008325                  0.016562708745903813
0.008375                  0.016788678407074306
0.008425                  0.0170159527533841
0.008475000000000002      0.017244527045725412
0.008525000000000001      0.01747439657585413
0.008575000000000001      0.017705556667229835
0.008624999999999999      0.01793800267581468
0.008675                  0.018171729990889687
0.008725                  0.01840673403582338
0.008775                  0.018643010268854822
0.008825                  0.01888055418383527
0.008875                  0.01911936131097803
0.008925                  0.019359427217575366
0.008975                  0.019600747508705184
0.009025                  0.019843317827929318
0.009075                  0.020087133857968835
0.009125                  0.02033219132135252
0.009175                  0.02057848598108768
0.009225                  0.020826013641277008
0.009275                  0.021074770147726504
0.009325                  0.021324751388558823
0.009375000000000001      0.02157595329479545
0.009425000000000001      0.021828371840917637
0.009475                  0.022082003045427706
0.009525                  0.022336842971392785
0.009575                  0.022592887726948657
0.009625000000000002      0.02285013346583336
0.009675000000000001      0.023108576387861915
0.009725000000000001      0.02336821273940854
0.009775                  0.023629038813879264
0.009825                  0.023891050952143875
0.009875000000000002      0.02415424554298505
0.009925000000000002      0.024418619023509544
0.009975000000000001      0.0246841678795491
0.010025000000000001      0.024950888646059616
0.010075                  0.02521877790748641
0.010125000000000002      0.02548783229812871
0.010175                  0.025758048502490475
0.010225                  0.026029423255605713
0.010275                  0.026301953343360867
0.010325                  0.026575635602800924
0.010375                  0.026850466922411328
0.010425                  0.027126444242407687
0.010475                  0.027403564554986135
0.010525                  0.027681824904584176
0.010575000000000001      0.027961222388113015
0.010625                  0.028241754155174638
0.010675                  0.028523417408286938
0.010725                  0.028806209403069036
0.010775                  0.029090127448428305
0.010825000000000001      0.02937516890673916
0.010875000000000001      0.0296613311939928
0.010925                  0.029948611779957716
0.010975                  0.030237008188300798
0.011025                  0.030526517996724446
0.011075000000000002      0.030817138837064717
0.011125000000000001      0.031108868395403548
0.011175000000000001      0.03140170441215443
0.011225                  0.03169564468212955
0.011275                  0.03199068705462059
0.011325000000000002      0.032286829433442375
0.011375000000000001      0.032584069776983346
0.011425000000000001      0.032882406098237296
0.011475                  0.03318183646482342
0.011525                  0.03348235899900076
0.011575000000000002      0.03378397187767333
0.011625000000000002      0.03408667333237758
0.011675000000000001      0.03439046164926817
0.011725                  0.03469533516908595
0.011775                  0.035001292287128005
0.011825                  0.03530833145319652
0.011875                  0.035616451171540414
0.011925                  0.03592565000079853
0.011975                  0.03623592655391884
0.012025000000000001      0.036547279498083715
0.012075                  0.03685970755461204
0.012125                  0.037173209498864206
0.012175                  0.03748778416013261
0.012225                  0.03780343042152609
0.012275000000000001      0.03812014721985357
0.012325000000000001      0.03843793354547859
0.012375                  0.038756788442196925
0.012425                  0.0390767110070831
0.012475                  0.03939770039033194
0.012525000000000001      0.0397197557951079
0.012575000000000001      0.040042876477375984
0.012625                  0.04036706174572205
0.012675                  0.040692310961181755
0.012725                  0.041018623537039375
0.012775000000000002      0.041345998938653844
0.012825000000000001      0.04167443668324273
0.012875000000000001      0.04200393633968554
0.012925                  0.04233449752831286
0.012975                  0.04266611992068265
0.013025000000000002      0.04299880323937017
0.013075000000000002      0.0433325472577283
0.013125000000000001      0.04366735179966064
0.013175000000000001      0.044003216739385884
0.013225                  0.044340142001185
0.013275000000000002      0.04467812755917273
0.013325000000000002      0.04501717343702404
0.013375000000000001      0.04535727970773168
0.013425000000000001      0.04569844649333535
0.013475                  0.046040673964676065
0.013525000000000002      0.04638396234109466
0.013575000000000002      0.046728311890182145
0.013625000000000002      0.04707372292751611
0.013675000000000001      0.04742019581633022
0.013725000000000001      0.047767730967282394
0.013775000000000003      0.04811632883813685
0.013825000000000002      0.04846598993348832
0.013875000000000002      0.048816714804457435
0.013925000000000002      0.049914233645377885
0.013975000000000001      0.05046066252894727
0.014025000000000003      0.051009290677279294
0.014074999999999999      0.05156010673453215
0.014124999999999999      0.0521130995287291
0.014175                  0.052668258073450054
0.014225                  0.05322557156951682
0.014275                  0.05378502940646019
0.014325                  0.05434662116401354
0.014374999999999999      0.05491033661345131
0.014425                  0.05547616571888298
0.014475                  0.056044098638431586
0.014525                  0.05661412572531215
0.014575                  0.057186237528900896
0.014624999999999999      0.05776042479561284
0.014675                  0.058336678469803026
0.014725                  0.05891498969451997
0.014775                  0.05949534981220484
0.014825                  0.0600777503653043
0.014875                  0.060662183096830524
0.014925                  0.06124863995080027
0.014975                  0.06183711307266055
0.015025                  0.06242759480957674
0.015075                  0.06302007771071061
0.015125                  0.0636145545273891
0.015175000000000001      0.06421101821320548
0.015225                  0.06480946192408643
0.015275                  0.06540987901826693
0.015325                  0.06601226305618772
0.015375                  0.06661660780037595
0.015425000000000001      0.0672229072152184
0.015475000000000001      0.06783115546670163
0.015525                  0.068441346922085
0.015575                  0.0690534761495234
0.015625                  0.06966753791761988
0.015675                  0.07028352719493901
0.015725                  0.07090143914946266
0.015775                  0.07152126914798496
0.015825000000000002      0.0721430127554845
0.015875                  0.07276666573441168
0.015925                  0.07339222404395462
0.015975                  0.07401968383925026
0.016025                  0.07464904147055683
0.016075000000000002      0.07528029348237242
0.016125                  0.07591343661252002
0.016175000000000002      0.07654846779119483
0.016225                  0.07718538413996771
0.016275                  0.07782418297073943
0.016325000000000003      0.07846486178468927
0.016375                  0.0791074182711581
0.016425000000000002      0.07975185030651456
0.016475                  0.08039815595297777
0.016525                  0.08104633345741852
0.016575000000000003      0.08169638125012976
0.016625                  0.08234829794355217
0.016675000000000002      0.08300208233099876
0.016725                  0.08365773338533342
0.016775                  0.0843152502576299
0.016825000000000003      0.08497463227579584
0.016875                  0.0856358789432015
0.016925000000000003      0.08629898993725221
0.016975                  0.08696396510797579
0.017025000000000002      0.08763080447654538
0.017075000000000003      0.08829950823383813
0.017125                  0.0889700767389146
0.017175000000000003      0.08964251051754488
0.017225                  0.09031681026066579
0.017275                  0.0909929768228593
0.017325                  0.09167101122078909
0.017374999999999998      0.09235091463164972
0.017425                  0.09303268839159222
0.017475                  0.09371633399413137
0.017525                  0.09440185308855142
0.017575                  0.09508924747831225
0.017625                  0.09577851911941396
0.017675                  0.09646967011879935
0.017725                  0.09716270273270985
0.017775                  0.09785761936506246
0.017825                  0.09855442256579347
0.017875                  0.09925311502923863
0.017925                  0.09995369959246025
0.017975                  0.10065617923361121
0.018025                  0.1013605570702758
0.018075                  0.10206683635781474
0.018125                  0.1027750204877098
0.018175                  0.1034851129859041
0.018225                  0.10419711751114571
0.018275                  0.10491103785332571
0.018325                  0.10562687793183301
0.018375                  0.10634464179389419
0.018425                  0.10706433361291372
0.018475000000000002      0.10778595768684619
0.018525                  0.10850951843652301
0.018575                  0.10923502040403463
0.018625                  0.1099624682510877
0.018675                  0.11069186675735382
0.018725000000000002      0.11142322081887192
0.018775                  0.11215653544639638
0.018825                  0.11289181576380548
0.018875000000000003      0.11362906700647984
0.018925                  0.11436829451969163
0.018975000000000002      0.11510950375703052
0.019025                  0.11585270027879505
0.019075                  0.11659788975041899
0.019125000000000003      0.11734507794090523
0.019175                  0.1180942707212504
0.019225000000000003      0.118845474062899
0.019275                  0.11959869403618653
0.019325000000000002      0.12035393680881674
0.019375000000000003      0.12111120864432441
0.019425                  0.12187051590055745
0.019475000000000003      0.12263186502816924
0.019525                  0.12339526256912542
0.019575000000000002      0.12416071515521344
0.019625000000000004      0.12492822950656612
0.019675                  0.12569781243020164
0.019725000000000003      0.12646947081854265
0.019775                  0.1272432116480148
0.019825000000000002      0.12801904197758604
0.019875000000000004      0.12879696894734666
0.019925000000000002      0.12957699977709963
0.019975000000000003      0.13035914176496827
0.020025                  0.13114340228602323
0.020075000000000003      0.13192978879088246
0.020125000000000004      0.13271830880434357
0.020175000000000002      0.1335089699240739
0.020225000000000003      0.13430177981924088
0.020275                  0.1350967462291857
0.020325                  0.1358938769621096
0.020375                  0.1366931798937944
0.020425                  0.1374946629662823
0.020475                  0.1382983341866262
0.020525                  0.13921577455447548
0.020575                  0.14002380219016464
0.020625                  0.14083402865488287
0.020675                  0.14164646212947357
0.020725                  0.14246111085397398
0.020775000000000002      0.14327798312638754
0.020825                  0.1440970873014838
0.020875                  0.14491843178960923
0.020925                  0.14574202505549513
0.020975                  0.14656787561711984
0.021025000000000002      0.1473959920445228
0.021075                  0.14822638295869076
0.021125                  0.14905905703040997
0.021175                  0.1498940229791434
0.021225                  0.15073128957196386
0.021275000000000002      0.15157086562241065
0.021325                  0.1524127599894315
0.021375                  0.15325698157637352
0.021425                  0.15410353932980067
0.021475                  0.1549524422385511
0.021525000000000002      0.15580369933270133
0.021575                  0.16055521994952657
0.021625000000000002      0.16175364296312725
0.021675                  0.1629547017184416
0.021725                  0.16415839070061936
0.021775000000000003      0.16536470478504778
0.021825                  0.16657363923308938
0.021875000000000002      0.16778518968757616
0.021925                  0.16899935216838163
0.021975                  0.17021612306791073
0.022025000000000003      0.171435499146478
0.022075                  0.17265747752775992
0.022125000000000002      0.1737044425737255
0.022175                  0.17493630426866758
0.022225                  0.17617073738611855
0.022275000000000003      0.177407739494617
0.022325                  0.17864730851118799
0.022375000000000003      0.17988944269651913
0.022425                  0.1811341406500084
0.022475000000000002      0.18238140130489386
0.022525000000000003      0.18363122392328432
0.022575                  0.18488360809125684
0.022625000000000003      0.18613855371383375
0.022675                  0.18739606101007222
0.022725000000000002      0.18865613050799562
0.022775000000000004      0.18991876303968497
0.022825                  0.1911839597362469
0.022875000000000003      0.19245172202279026
0.022925                  0.19372205161347464
0.022975000000000002      0.19499495050652
0.023025000000000004      0.19627042097917266
0.023075000000000002      0.19754846558276545
0.023125000000000003      0.19882908713771796
0.023175                  0.2001122887286327
0.023225000000000003      0.20139807369926346
0.023275000000000004      0.20268644564763375
0.023325000000000002      0.20397740842114095
0.023375000000000003      0.20527096611162354
0.023425                  0.20656712305046804
0.023475                  0.2078658838037983
0.023525                  0.20916725316761853
0.023575                  0.2104712361629955
0.023625                  0.21177783803127903
0.023675                  0.21308706422934673
0.023725                  0.2143989204248876
0.023775                  0.2157134124916468
0.023825                  0.21703054650483472
0.023875                  0.21835032873641597
0.023925000000000002      0.21967276565053692
0.023975                  0.22099786389892193
0.024025                  0.222325630316374
0.024075                  0.22365607191621073
0.024125                  0.22498919588585406
0.024175000000000002      0.2263250095823313
0.024225                  0.22766352052792474
0.024275                  0.22900473640577518
0.024325                  0.2303486650555735
0.024375                  0.23169531446927807
0.024425000000000002      0.23304469278684936
0.024475                  0.23439680829205883
0.024525                  0.2357516694083202
0.024575                  0.23710928469453418
0.024625                  0.23846966284104806
0.024675000000000002      0.2398328126655612
0.024725                  0.24119874310914496
0.024775000000000002      0.2425674632322803
0.024825                  0.24393898221092797
0.024875                  0.24531330933262488
0.024925000000000003      0.24669045399269485
0.024975                  0.24807042569039547
0.025025                  0.2494532340252135
0.025075                  0.2508388886931097
0.025124999999999998      0.2522273994828669
0.025175                  0.2536187762724595
0.025224999999999997      0.25501302902545575
0.025275                  0.2564101677874982
0.025325                  0.25781020268275745
0.025374999999999998      0.2592131439105153
0.025425                  0.26061900174170904
0.025474999999999998      0.2620277865155747
0.025525                  0.26343950863631804
0.025575                  0.26485417856977334
0.025625                  0.26627180684020607
0.025675                  0.26769240402705885
0.025724999999999998      0.26911598076180293
0.025775                  0.2705425477247896
0.025825                  0.27197211564215595
0.025875                  0.2734046952828012
0.025925                  0.27484029745532584
0.025974999999999998      0.27627893300510975
0.026025                  0.2777206128113352
0.026075                  0.2791653477841316
0.026125                  0.2806131488616623
0.026175                  0.2820640270073627
0.026225                  0.2835179932071493
0.026275                  0.28497505846664095
0.026325                  0.28643523380846897
0.026375                  0.28789853026961804
0.026425                  0.28936495889881547
0.026475                  0.29083453075384796
0.026525                  0.2923072568991035
0.026575                  0.2937831484029615
0.026625                  0.29526221633537847
0.026675                  0.29674447176535684
0.026725                  0.2982299257585475
0.026775                  0.2997185893749065
0.026825                  0.301210473666212
0.026875                  0.302705589673922
0.026925                  0.3042039484267324
0.026975                  0.30570556093835405
0.027025                  0.3072104382053281
0.027075000000000002      0.30871859120481693
0.027125                  0.3102300308923465
0.027175                  0.3117447681998391
0.027225                  0.3132628140333332
0.027275                  0.31593572286920407
0.027325000000000002      0.3180169504347252
0.027375                  0.3201004850035163
0.027425                  0.32218631001595505
0.027475                  0.3242744095574085
0.027525                  0.3263647683458082
0.027575000000000002      0.3284573717191281
0.027625                  0.3305522056228388
0.027675                  0.33264925659733663
0.027725                  0.3347485117654883
0.027775                  0.3368499588199299
0.027825000000000003      0.338953586010657
0.027875                  0.34105938213228093
0.027925000000000002      0.34316733651173226
0.027975                  0.3452774389955296
0.028025                  0.3473896799374137
0.028075000000000003      0.3495040501858905
0.028125                  0.35162054107179175
0.028175000000000002      0.3537391443958558
0.028225                  0.3558598524165001
0.028275                  0.35817130800466634
0.028325000000000003      0.3602928499461955
0.028375                  0.36241646887133183
0.028425000000000002      0.36454215876996127
0.028475                  0.36666991401925014
0.028525000000000002      0.36879972937177424
0.028575000000000003      0.37093159994361596
0.028625                  0.3730655212027244
0.028675000000000003      0.3752014889572235
0.028725                  0.3773394993438337
0.028775000000000002      0.3794795488163962
0.028825000000000003      0.38162163413454403
0.028875                  0.3837657523523378
0.028925000000000003      0.38591190080705234
0.028975                  0.3880600771081954
0.029025000000000002      0.3902102791263593
0.029075000000000004      0.39236250498244407
0.029125                  0.3945167530367637
0.029175000000000003      0.39667302187842535
0.029225                  0.3988313103146843
0.029275000000000002      0.40099161736053524
0.029325000000000004      0.40315394222826656
0.029375000000000002      0.4053182843172395
0.029425000000000003      0.4074846432037499
0.029475                  0.4096530186309622
0.029525000000000003      0.41182341049899135
0.029575000000000004      0.41399581885508
0.029625000000000002      0.41617024388393564
0.029675000000000003      0.418346685898093
0.029725                  0.4205251453284615
0.029775000000000003      0.4227056227149966
0.029825000000000004      0.42488811869741755
0.029875000000000002      0.4270726340060821
0.029925000000000004      0.4292591694529947
0.029975                  0.4314477259228979
0.030025000000000003      0.433638304364486
0.030075000000000005      0.4358309057817555
0.030125000000000002      0.43802553122540944
0.030175000000000004      0.4402221817844812
0.030225000000000002      0.442420858577924
0.030275000000000003      0.4446215627464776
0.030325000000000005      0.44682429544453917
0.030375000000000003      0.4490290578321927
0.030425000000000004      0.4512358510672714
0.030475000000000002      0.45344467629769986
0.030525000000000004      0.45565553465373043
0.030575000000000005      0.457868427240515
0.030625000000000003      0.46008335513055776
0.030675000000000004      0.4623003193565304
0.030725000000000002      0.4645193209038799
0.030775000000000004      0.46674036070392144
0.030825000000000005      0.4689634396266558
0.030875000000000003      0.4711885584740071
0.030925000000000005      0.47341571797293885
0.030975000000000003      0.47564491876886467
0.031025000000000004      0.4778761614189219
0.031075000000000005      0.48010944638567227
0.031125000000000003      0.4823447740305721
0.031175000000000005      0.4845821446077308
0.031225000000000003      0.48682155825776463
0.031275                  0.489063015001711
0.031325                  0.49130651473496734
0.031375                  0.49355205722149365
0.031425                  0.49579964208793814
0.031474999999999996      0.49804926881799777
0.031525                  0.5003009367467699
0.031575                  0.5025546450552368
0.031625                  0.5048103927648646
0.031675                  0.5070681787321568
0.031724999999999996      0.509328001643607
0.031775                  0.5116187719721256
0.031825                  0.5149208774168605
0.031875                  0.5182222941923456
0.031925                  0.5215229603064889
0.031974999999999996      0.5248228151449538
0.032025                  0.5281217994366572
0.032075                  0.5314198552198113
0.032125                  0.5347169258075228
0.032175                  0.5380129557536155
0.032225                  0.5413078908183092
0.032275                  0.544601677933974
0.032325                  0.5478942651709987
0.032375                  0.5511856017035754
0.032425                  0.5544756377756941
0.032475                  0.5577643246672795
0.032525                  0.5610516146602424
0.032575                  0.5643374610048623
0.032625                  0.5676218178863612
0.032675                  0.5709046403913692
0.032725                  0.5741858844749009
0.032775                  0.5774655069273658
0.032825                  0.5807434653417768
0.032875                  0.5840197180812589
0.032925                  0.5872942242467808
0.032975                  0.5905669436450454
0.033025                  0.5938378367568335
0.033075                  0.5971068647054187
0.033125                  0.6003739892253626
0.033175                  0.6036391726315614
0.033225                  0.6069023777887145
0.033275                  0.6101635680808797
0.033325                  0.613422707381543
0.033375                  0.6166797600239191
0.033425                  0.6199346907715912
0.033475                  0.6231874647894502
0.033525                  0.626438047615086
0.033575                  0.6296864051304432
0.033625                  0.6329325035337513
0.033675000000000004      0.6361763093120404
0.033725                  0.6394177892136633
0.033775                  0.6426569102216348
0.033825                  0.6458936395269332
0.033875                  0.649127944502308
0.033925000000000004      0.6523597926766254
0.033975                  0.6555891517092082
0.034025                  0.6588159893650218
0.034075                  0.6620402734898565
0.034125                  0.6652619719860138
0.034175000000000004      0.6684810527885093
0.034225                  0.6716974838413083
0.034275                  0.6749112330744147
0.034325                  0.6781222683808246
0.034375                  0.6816364573643493
0.034425000000000004      0.6848648128045541
0.034475                  0.6880903001811619
0.034525                  0.6913128865127256
0.034575                  0.6945325386978314
0.034625                  0.6977492234939292
0.034675000000000004      0.7009629074963383
0.034725                  0.7041735571177076
0.034775                  0.7073811385680097
0.034825                  0.7105856178346158
0.034875                  0.7137869606629373
0.034925000000000005      0.7169851325374865
0.034975                  0.7201800986631173
0.035025                  0.7233718239467805
0.035075                  0.7265602729795989
0.035125                  0.7297454100193472
0.035175000000000005      0.7329271989732254
0.035225                  0.7361056033809641
0.035275                  0.7331564487449967
0.035325                  0.7385853997054784
0.035375000000000004      0.7440051157907243
0.035425000000000005      0.7494153448635521
0.035475                  0.7548158398497021
0.035525                  0.7602063586290803
0.035575                  0.7655866639254049
0.035625000000000004      0.7709565231945111
0.035675000000000005      0.7763157085114786
0.035725                  0.7816639964566292
0.035775                  0.7870011680006794
0.035825                  0.7923270083889353
0.035875000000000004      0.7976413070252245
0.035925000000000006      0.8029438573547102
0.035975                  0.808234456746903
0.036025                  0.8135129063781116
0.036075                  0.8187790111138118
0.036125000000000004      0.8241307595760375
0.036175000000000006      0.8293634425402953
0.036225                  0.8345831985118802
0.036275                  0.8397898455922596
0.036325                  0.8449832049353467
0.036375000000000005      0.8501631006314201
0.036425000000000006      0.8553293595922086
0.036475                  0.8604818114362515
0.036525                  0.8656202883752417
0.036575                  0.8707446251008782
0.036625000000000005      0.8758546586729736
0.036675000000000006      0.8809502284082501
0.036725                  0.8860311757702644
0.036775                  0.8910973442603899
0.036825000000000004      0.8961485793099201
0.036875000000000005      0.9011847281733799
0.036925000000000006      0.906205639823139
0.036975                  0.9112111648451714
0.037025                  0.9162011553363631
0.037075000000000004      0.9211754648029753
0.037125000000000005      0.9261339480606687
0.03717500000000001       0.9310764611359746
0.037225                  0.9360028611691935
0.037275                  0.9409130063188487
0.037325000000000004      0.9458067556676834
0.037375000000000005      0.9506839691302346
0.03742500000000001       0.955544507361933
0.037475                  0.9603882316700426
0.037525                  0.9652150039258427
0.037575                  0.9700246864788686
0.037625                  0.9748171420725937
0.037675                  0.9795922337617262
0.037725                  0.9843498248314937
0.037775                  0.9890897787182067
0.037825                  0.9938119589319432
0.037875                  0.9985162289805984
0.037925                  1.0032024522958776
0.037975                  1.007870492160866
0.038025                  1.0125202116394083
0.038075                  1.0171514735070475
0.038125                  1.021764140183873
0.038175                  1.0263580736690523
0.038225                  1.0309331354768188
0.038275                  1.0354891865744105
0.038325                  1.0400260873216012
0.038375                  1.044543697412045
0.038425                  1.0490418758160367
0.038475                  1.0535204807251133
0.038525000000000004      1.0579793694983648
0.038575                  1.0548449449353192
0.038625                  1.0645959211944451
0.038675                  1.0743104779082027
0.038725                  1.0839875751405779
0.038775000000000004      1.093626195000346
0.038825                  1.103225341230526
0.038875                  1.1127840387827268
0.038925                  1.122301333376917
0.038975                  1.1317762910482168
0.039025000000000004      1.141207997682309
0.039075                  1.1505955585399423
0.039125                  1.159938097772237
0.039175                  1.1692347579277504
0.039225                  1.1784846994522866
0.039275000000000004      1.1876871001829803
0.039325                  1.1968411548368456
0.039375                  1.2059460744956525
0.039425                  1.2150010860876672
0.039475                  1.2240054318671854
0.039525000000000005      1.2329583688926569
0.039575                  1.2418591685049873
0.039625                  1.2507071158052756
0.039675                  1.2595015091347759
0.039725                  1.2682416595561252
0.039775000000000005      1.2769268903373237
0.039825                  1.28555653643935
0.039875                  1.2941299440071845
0.039925                  1.3026464698659552
0.039975000000000004      1.311105481021848
0.040025000000000005      1.3195063541687388
0.040075                  1.3278484752010693
0.040125                  1.3361312387332414
0.040175                  1.3443540476262565
0.040225000000000004      1.352516312521532
0.040275000000000005      1.3606174513829905
0.040325                  1.368656889046987
0.040375                  1.3766340567810185
0.040425                  1.38454839185103
0.040475000000000004      1.3923993370981815
0.040525000000000005      1.4001863405244728
0.040575                  1.4079088548884557
0.040625                  1.4155663373103224
0.040675                  1.4231582488870982
0.040725000000000004      1.430684054318012
0.040775000000000006      1.438143221539896
0.040825                  1.4455352213730435
0.040875                  1.4528595271776417
0.040925                  1.4601156145205492
0.040975000000000004      1.4673029608527963
0.041025000000000006      1.474421045197352
0.041075                  1.4814693478483045
0.041125                  1.4884473500800124
0.041175                  1.495354533867372
0.041225000000000005      1.5021903816164133
0.041275000000000006      1.508954375906044
0.041325                  1.5082459317489547
0.041375                  1.526702237471623
0.041425000000000003      1.5450373582061885
0.041475000000000005      1.5632469903358484
0.041525000000000006      1.5813269352338712
0.041575                  1.5992730975761242
0.041625                  1.6170814835173801
0.041675000000000004      1.6347481987411154
0.041725000000000005      1.6522694463964078
0.04177500000000001       1.6696415249323526
0.041825                  1.686860825842134
0.041875                  1.7039238313266936
0.041925000000000004      1.7208271118890195
0.041975000000000005      1.7375673238696359
0.04202500000000001       1.7541412069324491
0.042075                  1.7705455815111009
0.042125                  1.786777346224437
0.042175000000000004      1.8028334752703141
0.042225000000000006      1.818711015805459
0.04227500000000001       1.834407085319846
0.042325                  1.8499188690126842
0.042375                  1.8652436171772209
0.042425000000000004      1.880378642601056
0.042475000000000006      1.895321317988256
0.04252500000000001       1.9100690734090602
0.042575                  1.9246193937823919
0.042625                  1.9389698163970948
0.042675000000000005      1.953117928475449
0.042725000000000006      1.9670613647841657
0.04277500000000001       1.9807978052965796
0.042825                  1.9943249729094317
0.042875                  2.0076406312180928
0.042925000000000005      2.020742582352631
0.042975000000000006      2.033628664877774
0.04302500000000001       2.046296751759228
0.043075                  2.0587447483977117
0.043125000000000004      2.070970590733873
0.043175000000000005      2.082972243424443
0.043225000000000006      2.094747698091693
0.04327500000000001       2.1062949716467663
0.043325                  2.1176121046886704
0.043375000000000004      2.128697159978663
0.043425000000000005      2.1175478723955448
0.04347500000000001       2.1538766236068905
0.04352500000000001       2.18983583400123
0.043575                  2.2254070075646344
0.043625000000000004      2.260572181758467
0.043675000000000005      2.2953139223145778
0.04372500000000001       2.3296153167769496
0.043775                  2.3634599669060448
0.043825                  2.3968319800628617
0.043875                  2.4297159596870506
0.043925                  2.462096994978649
0.043975                  2.493960649892404
0.044025                  2.525292951547699
0.044075                  2.5560803781537804
0.044125                  2.5863098465453085
0.044175                  2.6159686994194504
0.044225                  2.6450446923590016
0.044275                  2.673525980723308
0.044325                  2.70140110648176
0.044375                  2.7286589850611636
0.044425                  2.7552888922719654
0.044475                  2.7812804513743994
0.044525                  2.8066236203394865
0.044575000000000004      2.8313086793570905
0.044625                  2.855326218635585
0.044675                  2.8786671265370902
0.044725                  2.9013225780831746
0.044775                  2.9232840238666724
0.044825000000000004      2.944543179398261
0.044875                  2.9650920149135898
0.044925                  2.984922745662852
0.044975                  3.0040278227028008
0.045025                  3.0223999242069897
0.045075000000000004      3.0183014721638743
0.045125                  3.091650216659177
0.045175                  3.163819425202822
0.045225                  3.2347278638954604
0.045275                  3.3042972094878773
0.045325000000000004      3.3724520531516817
0.045375                  3.4391198934028004
0.045425                  3.5042311193173097
0.045475                  3.5677189851676196
0.045525                  3.629519577569545
0.045575000000000004      3.689571776202809
0.045625                  3.7478172091143995
0.045675                  3.8042002035694096
0.045725                  3.8586677333571084
0.045775                  3.911169363401599
0.045825000000000005      3.9616571924679294
0.045875                  4.010085794692672
0.045925                  4.0564121606064125
0.045975                  4.1005956382568645
0.046025                  4.142597874978756
0.046075000000000005      4.182382760304499
0.046125                  4.219916370447811
0.046175                  4.255166914747281
0.046225                  4.28810468440109
0.046275000000000004      4.318702003782304
0.046325000000000005      4.292526636192539
0.046375                  4.445732396707127
0.046425                  4.595061883740032
0.046475                  4.740130748487143
0.046525000000000004      4.880572422876585
0.046575000000000005      5.016038597677615
0.046625                  5.146199598061292
0.046675                  5.270744666166206
0.046725                  5.389382160104182
0.046775000000000004      5.501839678588549
0.046825000000000006      5.60786411999744
0.046875                  5.70722168422443
0.046925                  5.799697825144242
0.046975                  5.885097160944293
0.047025000000000004      5.963243348971802
0.047075000000000006      6.0339789311293215
0.047125                  6.097165155235735
0.047175                  6.152681777168161
0.047225                  6.200426848015308
0.047275000000000005      6.240316489921146
0.047325000000000006      6.36566375790135
0.047375                  6.676820436402197
0.047425                  6.972411976846512
0.047475                  7.2506173001367165
0.047525000000000005      7.509748916049897
0.047575000000000006      7.74826110958821
0.047625                  7.9647570856543375
0.047675                  8.157995091701085
0.047725000000000004      8.326893538179664
0.047775000000000005      8.470535136048937
0.047825000000000006      8.588170069501508
0.047875                  8.679218220610393
0.047925                  8.74327046099678
0.047975000000000004      8.780089024032304
0.048025000000000005      8.789606969668617
0.04807500000000001       9.148313878153742
0.048125                  9.688165226167733
0.048175                  10.162410863914925
0.048225000000000004      10.563625716507863
0.048275000000000005      10.885544786812998
0.04832500000000001       11.123163229267028
0.048375                  11.27282110551131
0.048425                  11.33227098726427
0.048475000000000004      11.300726573669378
0.048525000000000006      11.17889051745928
0.04857500000000001       10.968959714911898
0.048625                  11.28237229383668
0.048675                  11.508058681363124
0.048725000000000004      11.554738987120489
0.048775000000000006      11.42073376685394
0.04882500000000001       11.109701723149001
0.048875                  10.630685451333381
0.048925                  9.998016299529533
0.048975000000000005      9.231062031849719
0.049025000000000006      8.353802114965761
0.04907500000000001       7.683024960113931
0.049125                  6.575761743727956
0.049175                  5.533066563095567
0.049225000000000005      4.5681914519467774
0.049275000000000006      3.691627170178718
0.04932500000000001       2.9109285307889934
0.049375                  2.230591779155775
0.049425000000000004      1.5966358281833415
0.049475000000000005      1.1295728899172404
0.049525000000000007      0.7801297060743121
0.04957500000000001       0.523859477147732
0.049625                  0.33988554399311205
0.049675000000000004      0.20831655095289986
0.049725000000000005      0.12069788843762977
0.04977500000000001       0.0641059128735235
0.04982500000000001       0.029688485536311773
0.049875                  0.010805617014662629
0.049925000000000004      0.002356519000491715
0.049975000000000006      8.87148764175481E-5
