2.5E-5                    3.5125785627097945E-6
7.500000000000001E-5      3.5124589525501216E-6
1.25E-4                   3.5123393632025315E-6
1.7500000000000003E-4     3.5122197946623417E-6
2.25E-4                   3.512100246924878E-6
2.75E-4                   3.5119807199854572E-6
3.25E-4                   3.5118612138394097E-6
3.75E-4                   3.511741728482058E-6
4.2500000000000003E-4     3.5116222639087295E-6
4.75E-4                   3.5115028201147533E-6
5.250000000000001E-4      3.5113833970954566E-6
5.75E-4                   3.5112639948461755E-6
6.250000000000001E-4      3.511144613362238E-6
6.75E-4                   3.5110252526389814E-6
7.250000000000001E-4      3.51090591267174E-6
7.750000000000001E-4      3.510786593455849E-6
8.250000000000001E-4      3.5106672949866484E-6
8.750000000000001E-4      3.510548017259477E-6
9.25E-4                   3.5104287602696754E-6
9.750000000000001E-4      3.510309524012587E-6
0.001025                  3.510190308483554E-6
0.001075                  3.5100711136779226E-6
0.001125                  3.5099519395910394E-6
0.001175                  3.5098327862182516E-6
0.0012250000000000002     3.509713653554908E-6
0.001275                  3.50959454159636E-6
0.001325                  3.50947545033796E-6
0.0013750000000000001     3.5093563797750606E-6
0.001425                  3.5092373299030155E-6
0.001475                  3.5091183007171823E-6
0.001525                  3.5089992922129197E-6
0.001575                  3.508880304385582E-6
0.0016250000000000001     3.5087613372305344E-6
0.0016750000000000003     3.508642390743137E-6
0.0017250000000000002     3.50852346491875E-6
0.0017749999999999999     3.5084045597527415E-6
0.001825                  3.5082856752404737E-6
0.001875                  3.5081668113773177E-6
0.001925                  3.5080479681586387E-6
0.001975                  3.5079291455798094E-6
0.0020250000000000003     3.507810343636197E-6
0.002075                  3.5076915623231778E-6
0.002125                  3.5075728016361243E-6
0.002175                  3.507454061570413E-6
0.002225                  3.5073353421214175E-6
0.002275                  3.5072166432845196E-6
0.0023250000000000002     3.507097965055097E-6
0.0023750000000000004     3.5069793074285297E-6
0.002425                  3.5068606704002016E-6
0.002475                  3.5067420539654962E-6
0.0025250000000000003     3.506623458119796E-6
0.002575                  3.50650488285849E-6
0.002625                  3.5063863281769646E-6
0.0026750000000000003     3.506267794070609E-6
0.002725                  3.5061492805348126E-6
0.002775                  3.506030787564969E-6
0.0028250000000000003     3.505912315156471E-6
0.0028750000000000004     3.505793863304711E-6
0.0029250000000000005     3.5056754320050877E-6
0.002975                  3.505557021252996E-6
0.003025                  3.5054386310438348E-6
0.003075                  3.5053202613730048E-6
0.003125                  3.505201912235907E-6
0.0031750000000000003     3.5050835836279436E-6
0.0032250000000000004     3.5049652755445205E-6
0.003275                  3.5048469879810405E-6
0.0033250000000000003     3.5047287209329124E-6
0.0033750000000000004     3.5046104743955427E-6
0.0034250000000000005     3.5044922483643422E-6
0.0034750000000000007     3.5043740428347183E-6
0.003525                  3.5042558578020868E-6
0.003575                  3.5041376932618626E-6
0.0036249999999999998     3.5040195492094555E-6
0.003675                  3.5039014256402858E-6
0.003725                  3.503783322549769E-6
0.003775                  3.5036652399333255E-6
0.0038250000000000003     3.503547177786372E-6
0.003875                  3.503429136104336E-6
0.0039250000000000005     3.5033111148826353E-6
0.003975                  3.5031931141166974E-6
0.004025                  3.503075133801947E-6
0.0040750000000000005     3.5029571739338082E-6
0.004125                  3.5028392345077145E-6
0.004175000000000001      3.502721315519094E-6
0.0042250000000000005     3.5026034169633757E-6
0.004275                  3.5024855388359933E-6
0.004325                  3.502367681132381E-6
0.0043749999999999995     3.5022498438479738E-6
0.004425                  3.502132026978208E-6
0.004475                  3.5020142305185212E-6
0.004525                  3.501896454464353E-6
0.004575                  3.5017786988111443E-6
0.004625                  3.501660963554337E-6
0.004675                  3.5015432486893705E-6
0.004725                  3.5014255542116966E-6
0.004775000000000001      1.1209977099221073E-5
0.004825                  1.1209659970908555E-5
0.004875000000000001      1.1209342892660396E-5
0.0049250000000000006     1.1209025864466638E-5
0.004975                  1.120870888631733E-5
0.005025000000000001      1.1208391958202523E-5
0.0050750000000000005     1.1208075080112263E-5
0.005125                  1.1207758252036605E-5
0.005175                  1.1207441473965616E-5
0.0052250000000000005     1.1207124745889353E-5
0.005275                  1.1206808067797868E-5
0.005325                  1.1206491439681237E-5
0.0053750000000000004     1.1206174861529527E-5
0.005425                  1.12058583333328E-5
0.005475000000000001      1.1205541855081143E-5
0.005525                  0.019006697163842044
0.005575                  0.01899738668584623
0.005625000000000001      0.018988108213697376
0.005675                  0.018978861596315955
0.005725000000000001      0.018969646683491947
0.005775000000000001      0.018960463325878706
0.005825                  0.018951311374986773
0.005875                  0.018942190683177738
0.005925                  0.018933101103658253
0.005975                  0.01892404249047397
0.006025                  0.018915014698503606
0.0060750000000000005     0.018906017583453033
0.006125                  0.018897051001849467
0.006175                  0.018888114811035646
0.0062250000000000005     0.01887920886916403
0.006275                  0.018870333035191186
0.006325000000000001      0.018861487168872055
0.0063750000000000005     0.01804030098415649
0.006425                  0.01803238070998083
0.006475000000000001      0.01802448562839482
0.006525                  0.01801661562666469
0.006575000000000001      0.018008770592661764
0.006625000000000001      0.01800095041485847
0.006675                  0.017993154982324337
0.006725000000000001      0.017985384184722033
0.006775000000000001      0.01797763791230343
0.006825000000000001      0.017969916055905744
0.006875000000000001      0.017962218506947642
0.006925000000000001      0.01795454515742544
0.006975000000000001      0.017946895899909287
0.007025000000000001      0.01793927062753935
0.007075                  0.01793166923402218
0.007124999999999999      0.01792409161362689
0.007175                  0.017916537661181522
0.007225                  0.01790900727206941
0.007275                  0.01790150034222551
0.007325                  0.017894016768132837
0.007375                  0.017886556446818896
0.007425                  0.017879119275852128
0.007475                  0.0178717051533384
0.0075250000000000004     0.017864313977917504
0.007575                  0.017856945648759736
0.007625                  0.017849600065562455
0.007675                  0.01784227712854665
0.007725                  0.01783497673845359
0.007775000000000001      0.017827698796541457
0.007825                  0.017820443204582027
0.007875                  0.017813209864857363
0.007925                  0.017805998680156556
0.007975000000000001      0.017798809553772454
0.008025000000000001      0.017791642389498458
0.008075                  0.017784497091625297
0.008125                  0.0177773735649379
0.008175                  0.017770271714712158
0.008225000000000001      0.01776319144671192
0.008275000000000001      0.017756132667185755
0.008325                  0.017749095282863992
0.008375                  0.017742079200955593
0.008425                  0.017735084329145147
0.008475000000000002      0.01772811057558983
0.008525000000000001      0.017721157848916477
0.008575000000000001      0.01771422605821855
0.008624999999999999      0.01770731511305327
0.008675                  0.017700424923438634
0.008725                  0.017693555399850538
0.008775                  0.017686706453219927
0.008825                  0.017679877994929896
0.008875                  0.017673069936812905
0.008925                  0.017666282191147967
0.008975                  0.017659514670657763
0.009025                  0.017652767288506045
0.009075                  0.017646039958294734
0.009125                  0.01763933259406125
0.009175                  0.017632645110275832
0.009225                  0.017625977421838815
0.009275                  0.017619329444077982
0.009325                  0.017612701092745882
0.009375000000000001      0.017606092284017272
0.009425000000000001      0.01759950293448644
0.009475                  0.017592932961164667
0.009525                  0.017586382281477606
0.009575                  0.017579850813262795
0.009625000000000002      0.01757333847476706
0.009675000000000001      0.017566845184644065
0.009725000000000001      0.017560370861951776
0.009775                  0.01755391542615001
0.009825                  0.01754747879709793
0.009875000000000002      0.017541060895051704
0.009925000000000002      0.017534661640661958
0.009975000000000001      0.01752828095497148
0.010025000000000001      0.017521918759412763
0.010075                  0.017515574975805682
0.010125000000000002      0.0175092495263551
0.010175                  0.017502942333648602
0.010225                  0.017496653320654088
0.010275                  0.017490382410717518
0.010325                  0.01748412952756067
0.010375                  0.017477894595278803
0.010425                  0.017471677538338434
0.010475                  0.017465478281575124
0.010525                  0.017459296750191207
0.010575000000000001      0.017453132869753647
0.010625                  0.017446986566191824
0.010675                  0.017440857765795365
0.010725                  0.01743474639521197
0.010775                  0.017428652381445316
0.010825000000000001      0.017422575651852915
0.010875000000000001      0.017416516134143956
0.010925                  0.017410473756377304
0.010975                  0.01740444844695934
0.011025                  0.01739844013464194
0.011075000000000002      0.017392448748520424
0.011125000000000001      0.017386474218031498
0.011175000000000001      0.01738051647295123
0.011225                  0.017374575443393107
0.011275                  0.017368651059805958
0.011325000000000002      0.01736274325297205
0.011375000000000001      0.017356851954005045
0.011425000000000001      0.017350977094348144
0.011475                  0.017345118605772085
0.011525                  0.01733927642037323
0.011575000000000002      0.017333450470571676
0.011625000000000002      0.017327640689109355
0.011675000000000001      0.01732184700904814
0.011725                  0.017316069363767977
0.011775                  0.01731030768696506
0.011825                  0.01730456191264994
0.011875                  0.017298831975145722
0.011925                  0.01729311780908626
0.011975                  0.017287419349414326
0.012025000000000001      0.017281736531379842
0.012075                  0.01727606929053808
0.012125                  0.017270417562747917
0.012175                  0.017264781284170052
0.012225                  0.0172591603912653
0.012275000000000001      0.017253554820792834
0.012325000000000001      0.01724796450980847
0.012375                  0.017242389395662975
0.012425                  0.017236829416000368
0.012475                  0.017231284508756207
0.012525000000000001      0.01722575461215597
0.012575000000000001      0.017220239664713366
0.012625                  0.017214739605228676
0.012675                  0.017209254372787145
0.012725                  0.017203783906757322
0.012775000000000002      0.017198328146789493
0.012825000000000001      0.017192887032813995
0.012875000000000001      0.017187460505039744
0.012925                  0.017182048503952545
0.012975                  0.017176650970313564
0.013025000000000002      0.017171267845157785
0.013075000000000002      0.017165899069792406
0.013125000000000001      0.01716054458579538
0.013175000000000001      0.01715520433501382
0.013225                  0.017149878259562476
0.013275000000000002      0.017144566301822293
0.013325000000000002      0.017139268404438864
0.013375000000000001      0.017133984510320926
0.013425000000000001      0.017128714562638946
0.013475                  0.017123458504823576
0.013525000000000002      0.017118216280564275
0.013575000000000002      0.017112987833807783
0.013625000000000002      0.017107773108756743
0.013675000000000001      0.017102572049868252
0.013725000000000001      0.0170973846018524
0.013775000000000003      0.01709221070967095
0.013825000000000002      0.017087050318535867
0.013875000000000002      0.01708190337390795
0.013925000000000002      0.09976028140709624
0.013975000000000001      0.09963245877940778
0.014025000000000003      0.09950629634355936
0.014074999999999999      0.09938177092928865
0.014124999999999999      0.09925885978584109
0.014175                  0.09913754057254799
0.014225                  0.09901779134965605
0.014275                  0.0988995905694013
0.014325                  0.09878291706731994
0.014374999999999999      0.09866775005378779
0.014425                  0.09855406910578285
0.014475                  0.09844185415886282
0.014525                  0.09833108549935185
0.014575                  0.09822174375673004
0.014624999999999999      0.09811380989621939
0.014675                  0.0980072652115601
0.014725                  0.09790209131797308
0.014775                  0.09779827014530008
0.014825                  0.09769578393131981
0.014875                  0.09759461521523205
0.014925                  0.09749474683130636
0.014975                  0.09739616190268967
0.015025                  0.097298843835369
0.015075                  0.09720277631228418
0.015125                  0.09710794328758633
0.015175000000000001      0.09701432898103843
0.015225                  0.09692191787255268
0.015275                  0.09683069469686263
0.015325                  0.09674064443832442
0.015375                  0.09665175232584462
0.015425000000000001      0.09656400382793048
0.015475000000000001      0.09647738464785988
0.015525                  0.09639188071896676
0.015575                  0.09630747820003942
0.015625                  0.09622416347082818
0.015675                  0.09614192312766037
0.015725                  0.09606074397915748
0.015775                  0.09598061304205467
0.015825000000000002      0.09590151753711719
0.015875                  0.09582344488515274
0.015925                  0.0957463827031163
0.015975                  0.09567031880030565
0.016025                  0.09559524117464406
0.016075000000000002      0.09552113800904932
0.016125                  0.09544799766788524
0.016175000000000002      0.09537580869349498
0.016225                  0.09530455980281223
0.016275                  0.09523423988405
0.016325000000000003      0.09516483799346413
0.016375                  0.09509634335218914
0.016425000000000002      0.09502874534314544
0.016475                  0.09496203350801537
0.016525                  0.09489619754428676
0.016575000000000003      0.09483122730236179
0.016625                  0.09476711278273002
0.016675000000000002      0.09470384413320324
0.016725                  0.09464141164621158
0.016775                  0.09457980575615815
0.016825000000000003      0.09451901703683152
0.016875                  0.09445903619887451
0.016925000000000003      0.09439985408730739
0.016975                  0.09434146167910493
0.017025000000000002      0.09428385008082471
0.017075000000000003      0.09422701052628747
0.017125                  0.09417093437430529
0.017175000000000003      0.09411561310645962
0.017225                  0.09406103832492525
0.017275                  0.09400720175034077
0.017325                  0.09395409521972373
0.017374999999999998      0.09390171068442933
0.017425                  0.09385004020815209
0.017475                  0.09379907596496885
0.017525                  0.09374881023742242
0.017575                  0.09369923541464496
0.017625                  0.09365034399052005
0.017675                  0.09360212856188257
0.017725                  0.09355458182675486
0.017775                  0.09350769658262016
0.017825                  0.09346146572472953
0.017875                  0.09341588224444444
0.017925                  0.09337093922761248
0.017975                  0.09332662985297518
0.018025                  0.09328294739060854
0.018075                  0.09323988520039445
0.018125                  0.0931974367305228
0.018175                  0.09315559551602295
0.018225                  0.09311435517732475
0.018275                  0.09307370941884775
0.018325                  0.09303365202761828
0.018375                  0.0929941768719136
0.018425                  0.09295527789993262
0.018475000000000002      0.09291694913849248
0.018525                  0.09287918469175081
0.018575                  0.09284197873995206
0.018625                  0.09280532553819894
0.018675                  0.09276921941524653
0.018725000000000002      0.09273365477232065
0.018775                  0.09269862608195763
0.018825                  0.09266412788686743
0.018875000000000003      0.09263015479881755
0.018925                  0.09259670149753821
0.018975000000000002      0.09256376272964863
0.019025                  0.09253133330760328
0.019075                  0.0924994081086579
0.019125000000000003      0.0924679820738546
0.019175                  0.09243705020702707
0.019225000000000003      0.09240660757382252
0.019275                  0.09237664930074359
0.019325000000000002      0.09234717057420648
0.019375000000000003      0.09231816663961774
0.019425                  0.09228963280046679
0.019475000000000003      0.09226156441743642
0.019525                  0.09223395690752827
0.019575000000000002      0.09220680574320513
0.019625000000000004      0.09218010645154859
0.019675                  0.09215385461343194
0.019725000000000003      0.09212804586270776
0.019775                  0.09210267588541061
0.019825000000000002      0.0920777404189738
0.019875000000000004      0.09205323525146022
0.019925000000000002      0.09202915622080687
0.019975000000000003      0.09200549921408284
0.020025                  0.09198226016676056
0.020075000000000003      0.09195943506200006
0.020125000000000004      0.09193701992994541
0.020175000000000002      0.09191501084703421
0.020225000000000003      0.0918934039353184
0.020275                  0.09187219536179794
0.020325                  0.09185138133776516
0.020375                  0.0918309581181611
0.020425                  0.0918109220009431
0.020475                  0.09179126932646263
0.020525                  0.09373815364141949
0.020575                  0.09372032778391301
0.020625                  0.09370288440767452
0.020675                  0.09368581988886722
0.020725                  0.09366913064488515
0.020775000000000002      0.09365281313376254
0.020825                  0.09363686385359286
0.020875                  0.09362127934195763
0.020925                  0.09360605617536505
0.020975                  0.09359119096869864
0.021025000000000002      0.0935766803746743
0.021075                  0.0935625210833074
0.021125                  0.09354870982138842
0.021175                  0.09353524335196757
0.021225                  0.09352211847384762
0.021275000000000002      0.09350933202108605
0.021325                  0.09349688086250457
0.021375                  0.09348476190120743
0.021425                  0.0934729720741075
0.021475                  0.09346150835146
0.021525000000000002      0.0934503677364044
0.021575                  0.24236922741100178
0.021625000000000002      0.2420682631299599
0.021675                  0.24177264646262478
0.021725                  0.24148228534523586
0.021775000000000003      0.24119708974849022
0.021825                  0.2409169716217455
0.021875000000000002      0.2406418448390394
0.021925                  0.2403716251468605
0.021975                  0.24010623011360063
0.022025000000000003      0.23984557908063106
0.022075                  0.239589593114937
0.022125000000000002      0.25555365523996787
0.022175                  0.2552549994699
0.022225                  0.2549617478522401
0.022275000000000003      0.25467380763151803
0.022325                  0.2543910880865748
0.022375000000000003      0.25411350047514286
0.022425                  0.25384095798022005
0.022475000000000002      0.2535733756581689
0.022525000000000003      0.25331067038848065
0.022575                  0.2530527608251371
0.022625000000000003      0.2527995673495169
0.022675                  0.25255101202478575
0.022725000000000002      0.2523070185517175
0.022775000000000004      0.2520675122258956
0.022825                  0.2518324198962437
0.022875000000000003      0.2516016699248365
0.022925                  0.2513751921479496
0.022975000000000002      0.25115291783829774
0.023025000000000004      0.250934779668426
0.023075000000000002      0.25072071167520793
0.023125000000000003      0.25051064922541594
0.023175                  0.25030452898232386
0.023225000000000003      0.25010228887330715
0.023275000000000004      0.2499038680584059
0.023325000000000002      0.24970920689981752
0.023375000000000003      0.24951824693228788
0.023425                  0.24933093083436936
0.023475                  0.2491472024005172
0.023525                  0.24896700651399556
0.023575                  0.24879028912056658
0.023625                  0.24861699720293506
0.023675                  0.24844707875592517
0.023725                  0.24828048276236467
0.023775                  0.24811715916965146
0.023825                  0.24795705886698274
0.023875                  0.24780013366322423
0.023925000000000002      0.247646336265397
0.023975                  0.2474956202577647
0.024025                  0.2473479400814999
0.024075                  0.24720325101491109
0.024125                  0.24706150915421368
0.024175000000000002      0.2469226713948266
0.024225                  0.24678669541317805
0.024275                  0.24665353964900455
0.024325                  0.246523163288128
0.024375                  0.24639552624569513
0.024425000000000002      0.24627058914986572
0.024475                  0.24614831332593606
0.024525                  0.2460286607808815
0.024575                  0.24591159418831032
0.024625                  0.2457970768738101
0.024675000000000002      0.24568507280068008
0.024725                  0.24557554655603556
0.024775000000000002      0.2454684633372712
0.024825                  0.2453637889388769
0.024875                  0.2452614897395909
0.024925000000000003      0.24516153268988408
0.024975                  0.2450638852997635
0.025025                  0.2449685156268846
0.025075                  0.24487539226496705
0.025124999999999998      0.2447844843325003
0.025175                  0.24469576146173466
0.025224999999999997      0.24460919378794743
0.025275                  0.24452475193897497
0.025325                  0.2444424070250074
0.025374999999999998      0.24436213062863282
0.025425                  0.24428389479512758
0.025474999999999998      0.2442076720229862
0.025525                  0.24413343525467923
0.025575                  0.24406115786763935
0.025625                  0.2439908136654639
0.025675                  0.2439223768693302
0.025724999999999998      0.24385582210961665
0.025775                  0.24379112441772663
0.025825                  0.2437282592181046
0.025875                  0.24366720232044317
0.025925                  0.2436079299120757
0.025974999999999998      0.24355041855054643
0.026025                  0.24349464515635594
0.026075                  0.2434405870058769
0.026125                  0.24338822172443353
0.026175                  0.243337527279544
0.026225                  0.24328848197431627
0.026275                  0.24324106444099863
0.026325                  0.2431952536346773
0.026375                  0.24315102882711806
0.026425                  0.2431083696007486
0.026475                  0.24306725584277722
0.026525                  0.2430276677394448
0.026575                  0.2429895857704066
0.026625                  0.2429529907032393
0.026675                  0.24291786358807171
0.026725                  0.2428841857523351
0.026775                  0.24285193879563002
0.026825                  0.24282110458470696
0.026875                  0.24279166524855694
0.026925                  0.24276360317361065
0.026975                  0.2427369009990429
0.027025                  0.2427115416121792
0.027075000000000002      0.24268750814400164
0.027125                  0.2426647839647531
0.027175                  0.24264335267963588
0.027225                  0.24262319812460256
0.027275                  0.43330699754501156
0.027325000000000002      0.4326838436365144
0.027375                  0.432070680589556
0.027425                  0.4314673277921765
0.027475                  0.43087360870773705
0.027525                  0.4302893507606601
0.027575000000000002      0.42971438522597977
0.027625                  0.42914854712254813
0.027675                  0.4285916751097626
0.027725                  0.4280436113876762
0.027775                  0.4275042016003667
0.027825000000000003      0.4269732947424382
0.027875                  0.4264507430685423
0.027925000000000002      0.42593640200579874
0.027975                  0.4254301300690186
0.028025                  0.42493178877861654
0.028075000000000003      0.4244412425811195
0.028125                  0.4239583587721759
0.028175000000000002      0.42348300742197137
0.028225                  0.4230150613029693
0.028275                  0.42650339258407977
0.028325000000000003      0.4260426639723249
0.028375                  0.425589151155917
0.028425000000000002      0.42514273344396425
0.028475                  0.42470329260805145
0.028525000000000002      0.42427071281959094
0.028575000000000003      0.4238448805890704
0.028625                  0.42342568470713104
0.028675000000000003      0.4230130161874115
0.028725                  0.422606768211099
0.028775000000000002      0.42220683607312537
0.028825000000000003      0.4218131171299541
0.028875                  0.42142551074890383
0.028925000000000003      0.4210439182589519
0.028975                  0.42066824290297755
0.029025000000000002      0.4202983897913838
0.029075000000000004      0.4199342658570618
0.029125                  0.41957577981164734
0.029175000000000003      0.4192228421030303
0.029225                  0.4188753648740717
0.029275000000000002      0.41853326192249074
0.029325000000000004      0.4181964486618849
0.029375000000000002      0.41786484208384284
0.029425000000000003      0.4175383607211173
0.029475                  0.41721692461182297
0.029525000000000003      0.416900455264625
0.029575000000000004      0.4165888756248879
0.029625000000000002      0.41628211004175536
0.029675000000000003      0.4159800842361274
0.029725                  0.4156827252695118
0.029775000000000003      0.4153899615137157
0.029825000000000004      0.4151017226213593
0.029875000000000002      0.4148179394971779
0.029925000000000004      0.4145385442700925
0.029975                  0.41426347026602567
0.030025000000000003      0.413992651981435
0.030075000000000005      0.41372602505754785
0.030125000000000002      0.4134635262552723
0.030175000000000004      0.4132050934307643
0.030225000000000002      0.41295066551163306
0.030275000000000003      0.41270018247376233
0.030325000000000005      0.41245358531873216
0.030375000000000003      0.4122108160518204
0.030425000000000004      0.41197181766056845
0.030475000000000002      0.41173653409389593
0.030525000000000004      0.41150491024174246
0.030575000000000005      0.4112768919152279
0.030625000000000003      0.41105242582731194
0.030675000000000004      0.4108314595739376
0.030725000000000002      0.41061394161564885
0.030775000000000004      0.41039982125966457
0.030825000000000005      0.41018904864239686
0.030875000000000003      0.4099815747124006
0.030925000000000005      0.409777351213746
0.030975000000000003      0.4095763306697928
0.031025000000000004      0.40937846636736647
0.031075000000000005      0.40918371234131456
0.031125000000000003      0.4089920233594396
0.031175000000000005      0.4088033549077945
0.031225000000000003      0.4086176631763303
0.031275                  0.40843490504489005
0.031325                  0.4082550380695337
0.031375                  0.40807802046918906
0.031425                  0.40790381111261814
0.031474999999999996      0.4077323695056913
0.031525                  0.407563655778959
0.031575                  0.40739763067551465
0.031625                  0.40723425553914105
0.031675                  0.40707349230272993
0.031724999999999996      0.4069153034769708
0.031775                  0.6628310981633786
0.031825                  0.6615748662262689
0.031875                  0.6603358307146249
0.031925                  0.6591136595140381
0.031974999999999996      0.6579080282886515
0.032025                  0.6567186202553803
0.032075                  0.6555451259659204
0.032125                  0.6543872430962283
0.032175                  0.653244676243187
0.032225                  0.6521171367281648
0.032275                  0.6510043424072034
0.032325                  0.6499060174875797
0.032375                  0.6488218923504828
0.032425                  0.6477517033795855
0.032475                  0.6466951927952732
0.032525                  0.6456521084943181
0.032575                  0.6446222038947961
0.032625                  0.6436052377860428
0.032675                  0.6426009741834605
0.032725                  0.6416091821880014
0.032775                  0.6406296358501411
0.032825                  0.6396621140381915
0.032875                  0.6387064003107793
0.032925                  0.6377622827933483
0.032975                  0.6368295540585339
0.033025                  0.6359080110102684
0.033075                  0.6349974547714882
0.033125                  0.6340976905753078
0.033175                  0.63320852765954
0.033225                  0.6323297791644448
0.033275                  0.631461262033586
0.033325                  0.6306027969176972
0.033375                  0.6297542080814418
0.033425                  0.6289153233129725
0.033475                  0.6280859738361876
0.033525                  0.6272659942255985
0.033575                  0.6264552223237114
0.033625                  0.6256534991608446
0.033675000000000004      0.6248606688772875
0.033725                  0.624076578647737
0.033775                  0.62330107860792
0.033825                  0.6225340217833403
0.033875                  0.6217752640200683
0.033925000000000004      0.6210246639175167
0.033975                  0.6202820827631271
0.034025                  0.6195473844689101
0.034075                  0.6188204355097746
0.034125                  0.6181011048635927
0.034175000000000004      0.6173892639529364
0.034225                  0.6166847865884422
0.034275                  0.6159875489137377
0.034325                  0.6152974293518964
0.034375                  0.6243715281667541
0.034425000000000004      0.6236663352181211
0.034475                  0.6229682291577249
0.034525                  0.6222770910120521
0.034575                  0.6215928039690167
0.034625                  0.6209152533292479
0.034675000000000004      0.6202443264586854
0.034725                  0.6195799127424565
0.034775                  0.6189219035399806
0.034825                  0.618270192141276
0.034875                  0.6176246737244195
0.034925000000000005      0.6169852453141348
0.034975                  0.6163518057414666
0.035025                  0.6157242556045134
0.035075                  0.6151024972301822
0.035125                  0.6144864346369361
0.035175000000000005      0.6138759734985081
0.035225                  0.613271021108544
0.035275                  0.9856330309276272
0.035325                  0.9828749849443141
0.035375000000000004      0.9801509886114929
0.035425000000000005      0.977460310410757
0.035475                  0.9748022376766095
0.035525                  0.9721760759992766
0.035575                  0.9695811486499722
0.035625000000000004      0.9670167960276275
0.035675000000000005      0.964482375126177
0.035725                  0.9619772590215118
0.035775                  0.9595008363772674
0.035825                  0.9570525109686541
0.035875000000000004      0.9546317012235557
0.035925000000000006      0.9522378397801927
0.035975                  0.949870373060652
0.036025                  0.9475287608596278
0.036075                  0.9452124759477459
0.036125000000000004      0.9393298926691145
0.036175000000000006      0.9370796113695966
0.036225                  0.9348529128769747
0.036275                  0.9326493237463511
0.036325                  0.930468381569806
0.036375000000000005      0.9283096346607584
0.036425000000000006      0.9261726417490683
0.036475                  0.9240569716864717
0.036525                  0.9219622031619279
0.036575                  0.9198879244265109
0.036625000000000005      0.9178337330274582
0.036675000000000006      0.9157992355510387
0.036725                  0.9137840473739026
0.036775                  0.911787792422574
0.036825000000000004      0.9098101029408011
0.036875000000000005      0.9078506192644515
0.036925000000000006      0.9059089896036752
0.036975                  0.9039848698320639
0.037025                  0.9020779232825507
0.037075000000000004      0.9001878205497953
0.037125000000000005      0.8983142392988192
0.03717500000000001       0.8964568640796658
0.037225                  0.8946153861478597
0.037275                  0.8927895032904624
0.037325000000000004      0.8909789196575179
0.037375000000000005      0.8891833455986969
0.03742500000000001       0.8874024975049559
0.037475                  0.8856360976550274
0.037525                  0.8838838740665799
0.037575                  0.8821455603518779
0.037625                  0.8804208955777799
0.037675                  0.8787096241299364
0.037725                  0.8770114955810272
0.037775                  0.8753262645629142
0.037825                  0.8736536906425592
0.037875                  0.8719935382015943
0.037925                  0.870345576319407
0.037975                  0.8687095786596283
0.038025                  0.8670853233599105
0.038075                  0.8654725929248771
0.038125                  0.8638711741221479
0.038175                  0.8622808578813309
0.038225                  0.8607014391958833
0.038275                  0.8591327170277512
0.038325                  0.8575744942146926
0.038375                  0.8560265773801988
0.038425                  0.8544887768459293
0.038475                  0.8529609065465765
0.038525000000000004      0.8514427839470874
0.038575                  1.457490951400891
0.038625                  1.4511755381346536
0.038675                  1.4449386190611917
0.038725                  1.4387782406381524
0.038775000000000004      1.4326925084254194
0.038825                  1.4266795849113463
0.038875                  1.420737687433562
0.038925                  1.4148650861896002
0.038975                  1.4090601023329372
0.039025000000000004      1.4033211061502275
0.039075                  1.3976465153156983
0.039125                  1.3920347932190986
0.039175                  1.3864844473634201
0.039225                  1.3809940278292119
0.039275000000000004      1.3755621258023651
0.039325                  1.3701873721620457
0.039375                  1.3648684361263517
0.039425                  1.35960402395267
0.039475                  1.3543928776903846
0.039525000000000005      1.3492337739833056
0.039575                  1.344125522919878
0.039625                  1.3390669669285444
0.039675                  1.3340569797165855
0.039725                  1.329094465250303
0.039775000000000005      1.324178356774677
0.039825                  1.3193076158708472
0.039875                  1.3144812315495351
0.039925                  1.3096982193791502
0.039975000000000004      1.3049576206467153
0.040025000000000005      1.3002585015503936
0.040075                  1.295599952422143
0.040125                  1.2909810869793663
0.040175                  1.286401041604046
0.040225000000000004      1.2818589746484035
0.040275000000000005      1.277354065765958
0.040325                  1.2728855152667582
0.040375                  1.268452543495938
0.040425                  1.2640543902345407
0.040475000000000004      1.2596903141217055
0.040525000000000005      1.2553595920973717
0.040575                  1.2510615188645762
0.040625                  1.2467954063706599
0.040675                  1.2425605833065279
0.040725000000000004      1.238356394623266
0.040775000000000006      1.2341822010654444
0.040825                  1.23003737872037
0.040875                  1.225921318582801
0.040925                  1.2218334261342607
0.040975000000000004      1.2177731209367297
0.041025000000000006      1.2137398362397889
0.041075                  1.2097330186010116
0.041125                  1.2057521275187795
0.041175                  1.2017966350773857
0.041225000000000005      1.1978660256036981
0.041275000000000006      1.1939597953350154
0.041325                  2.1259493392721387
0.041375                  2.1118368114889488
0.041425000000000003      2.0979180498409
0.041475000000000005      2.084187353894081
0.041525000000000006      2.070639233710435
0.041575                  2.057268400479422
0.041625                  2.0440697576416262
0.041675000000000004      2.031038392474647
0.041725000000000005      2.0181695681140184
0.04177500000000001       2.0054587159831128
0.041825                  1.992901428608222
0.041875                  1.9804934527963542
0.041925000000000004      1.9682306831546053
0.041975000000000005      1.9561091559317008
0.04202500000000001       1.9441250431632877
0.042075                  1.9322746471037309
0.042125                  1.920554394928369
0.042175000000000004      1.908960833691301
0.042225000000000006      1.8974906255241488
0.04227500000000001       1.886140543063216
0.042325                  1.8749074650918411
0.042375                  1.863788372386947
0.042425000000000004      1.852780343758276
0.042475000000000006      1.8418805522704769
0.04252500000000001       1.831086261637924
0.042575                  1.8203948227835782
0.042625                  1.8098036705530114
0.042675000000000005      1.7993103205755712
0.042725000000000006      1.7889123662652788
0.04277500000000001       1.7786074759542354
0.042825                  1.7683933901515012
0.042875                  1.7582679189216213
0.042925000000000005      1.7482289393764003
0.042975000000000006      1.7382743932743336
0.04302500000000001       1.7284022847225942
0.043075                  1.7186106779761623
0.043125000000000004      1.7088976953297599
0.043175000000000005      1.6992615150977122
0.043225000000000006      1.689700369677693
0.04327500000000001       1.6802125436943247
0.043325                  1.670796372218831
0.043375000000000004      1.6614502390609402
0.043425000000000005      3.1036687914710224
0.04347500000000001       3.0722950281852497
0.04352500000000001       3.041437814459642
0.043575                  3.011078971930171
0.043625000000000004      2.981201161595434
0.043675000000000005      2.9517878372581676
0.04372500000000001       2.922823202013079
0.043775                  2.8942921675534006
0.043825                  2.8661803160880766
0.043875                  2.83847386467758
0.043925                  2.811159631813323
0.043975                  2.784225006078736
0.044025                  2.757657916743826
0.044075                  2.7314468061565402
0.044125                  2.7055806038050947
0.044175                  2.6800487019352337
0.044225                  2.654840932615704
0.044275                  2.6299475461529274
0.044325                  2.6053591907639775
0.044375                  2.5810668934233636
0.044425                  2.5570620418058074
0.044475                  2.5333363672530025
0.044525                  2.5098819286972645
0.044575000000000004      2.486691097480342
0.044625                  2.4637565430100903
0.044675                  2.441071219201411
0.044725                  2.4186283516524743
0.044775                  2.3964214255097334
0.044825000000000004      2.374444173979378
0.044875                  2.352690567445545
0.044925                  2.3311548031578138
0.044975                  2.3098312954543134
0.045025                  2.288714666487461
0.045075000000000004      4.538425188528943
0.045125                  4.468879505745077
0.045175                  4.400751792710617
0.045225                  4.333983548807989
0.045275                  4.268519617501389
0.045325000000000004      4.204307956401762
0.045375                  4.141299426039749
0.045425                  4.079447595607051
0.045475                  4.018708564108118
0.045525                  3.9590407955222156
0.045575000000000004      3.900404966718884
0.045625                  3.842763826995146
0.045675                  3.7860820682153196
0.045725                  3.730326204634104
0.045775                  3.675464461573056
0.045825000000000005      3.6214666722000355
0.045875                  3.568304181732747
0.045925                  3.5159497584510007
0.045975                  3.4643775109601527
0.046025                  3.4135628111986818
0.046075000000000005      3.3634822227300205
0.046125                  3.314113433899445
0.046175                  3.265435195474583
0.046225                  3.2174272624219387
0.046275000000000004      3.170070339501878
0.046325000000000005      6.792835027542783
0.046375                  6.632501736531797
0.046425                  6.476399674727819
0.046475                  6.32433164839097
0.046525000000000004      6.176113971836618
0.046575000000000005      6.031575341865526
0.046625                  5.8905558237100335
0.046675                  5.752905935837235
0.046725                  5.618485822552341
0.046775000000000004      5.487164504723581
0.046825000000000006      5.358819200143193
0.046875                  5.233334706069948
0.046925                  5.110602837392435
0.046975                  4.990521914629278
0.047025000000000004      4.872996296657466
0.047075000000000006      4.757935953649173
0.047125                  4.645256076211306
0.047175                  4.534876717171829
0.047225                  4.426722462850673
0.047275000000000005      4.320722130998977
0.047325000000000006      10.054914469071377
0.047375                  9.675416184934704
0.047425                  9.309358020521538
0.047475                  8.95610368159897
0.047525000000000005      8.615062422307238
0.047575000000000006      8.285684886971518
0.047625                  7.967459408524363
0.047675                  7.659908705745569
0.047725000000000004      7.3625869296716875
0.047775000000000005      7.075077016427081
0.047825000000000006      6.796988309587503
0.047875                  6.527954420169629
0.047925                  6.267631296587879
0.047975000000000004      6.015695480549159
0.048025000000000005      5.771842527960952
0.04807500000000001       14.605003791235667
0.048125                  13.659558221521406
0.048175                  12.763904965064443
0.048225000000000004      11.915796333823346
0.048275000000000005      11.113094517435496
0.04832500000000001       10.353763480315102
0.048375                  9.63586172299538
0.048425                  8.957535802400118
0.048475000000000004      8.31701451855546
0.048525000000000006      7.712603686676834
0.04857500000000001       7.142681423702605
0.048625                  17.885732210185388
0.048675                  15.83023319191995
0.048725000000000004      13.950877838161505
0.048775000000000006      12.238625461690646
0.04882500000000001       10.684461204160694
0.048875                  9.279416607582055
0.048925                  8.014591148775997
0.048975000000000005      6.881174572242494
0.049025000000000006      5.870469840811113
0.04907500000000001       9.930984520067906
0.049125                  8.02370703636817
0.049175                  6.390731771617077
0.049225000000000005      5.008448499344874
0.049275000000000006      3.853376962760906
0.04932500000000001       2.9022940883309762
0.049375                  2.132362219812146
0.049425000000000004      2.0197805255797467
0.049475000000000005      1.4372542052709119
0.049525000000000007      0.987042937604478
0.04957500000000001       0.6486814340549076
0.049625                  0.40272923434412183
0.049675000000000004      0.2577248199519246
0.049725000000000005      0.14863689431719984
0.04977500000000001       0.07603985847734013
0.04982500000000001       0.03094735036870093
0.049875                  0.011401768669751617
0.049925000000000004      0.0035769099077313494
0.049975000000000006      3.0098104505608974E-4
